42 76
80 44
90 99
9 65
52 87
34 14
39 21
19 31
36 50
87 89
90 81
49 88
99 8
3 38
93 89
40 70
23 50
90 89
50 85
87 8
55 32
91 77
39 46
26 82
32 56
87 96
62 12
65 93
46 36
0 88
35 29
46 36
21 84
79 25
58 96
66 36
76 68
98 80
37 78
85 14
69 10
1 9
35 47
48 9
38 1
83 14
60 55
28 6
62 52
97 0
62 75
22 33
80 5
56 81
34 58
25 68
86 30
13 85
98 87
78 76
99 82
38 2
72 13
77 62
7 80
57 49
22 66
61 73
69 32
96 48
37 83
22 35
29 51
66 44
62 25
97 74
49 38
44 73
65 6
58 43
63 30
79 6
31 75
41 18
31 34
91 27
87 18
80 99
10 42
65 35
30 37
96 94
97 42
18 27
22 24
22 41
51 59
81 93
22 92
33 87
48 6
23 93
55 0
31 76
45 35
62 78
21 51
14 49
56 98
66 16
39 14
32 90
83 60
47 99
22 21
47 79
43 73
95 6
80 15
2 70
95 36
65 95
26 52
42 55
29 63
62 74
91 28
52 35
4 76
46 4
6 88
68 84
96 63
99 25
95 86
35 61
23 57
0 24
92 24
99 76
36 22
42 29
49 28
73 58
83 27
25 62
59 49
20 12
49 27
40 84
25 35
52 20
95 92
75 69
30 35
10 45
96 13
94 58
56 93
21 35
48 72
57 76
86 85
83 72
27 63
9 53
33 89
82 61
17 42
63 98
55 50
16 24
5 72
2 25
39 59
49 51
38 6
30 83
98 13
94 44
46 51
87 17
48 22
48 98
27 2
59 70
85 59
35 47
22 21
74 68
77 22
63 36
91 64
59 60
61 23
43 37
48 69
82 36
27 42
98 34
46 51
9 11
73 33
78 65
64 69
13 32
52 68
53 52
52 29
66 74
55 83
4 9
3 84
90 22
42 56
25 90
0 62
64 96
19 94
70 5
10 83
43 1
13 87
76 86
71 51
53 81
21 88
71 52
28 54
60 5
17 78
93 12
87 89
13 44
93 46
21 63
68 52
67 88
29 84
73 56
21 18
85 63
28 90
66 59
38 97
14 96
8 82
83 31
52 97
30 70
62 67
32 16
78 68
40 19
28 78
89 9
52 54
24 35
54 96
53 99
93 62
8 37
96 63
6 42
7 47
5 91
34 68
76 50
17 66
52 57
95 64
79 88
93 82
9 19
38 12
98 45
75 70
31 41
16 25
13 6
40 22
21 52
56 68
79 3
43 64
99 4
51 17
99 77
38 42
0 12
67 21
15 97
13 94
38 5
5 57
78 19
42 17
13 54
43 48
86 51
50 89
45 90
32 28
13 82
64 83
22 8
71 18
11 91
86 29
41 55
7 12
88 24
61 38
22 26
18 22
67 49
82 18
82 6
30 74
75 83
24 54
30 46
88 13
10 51
67 45
29 41
10 4
65 60
51 98
58 34
74 80
79 78
67 91
1 49
91 99
26 31
56 49
11 28
24 24
72 92
23 17
33 64
48 0
0 59
15 8
20 62
46 5
27 57
4 9
11 12
38 64
53 75
93 62
28 9
12 65
65 86
78 79
61 93
51 78
25 52
67 54
58 22
28 90
10 71
37 55
71 85
62 62
3 74
61 62
1 28
86 94
98 88
79 98
94 10
42 20
20 30
82 68
99 46
66 17
46 84
72 43
53 63
68 48
36 64
91 81
59 9
47 21
91 74
97 10
56 64
92 31
78 86
57 32
98 52
24 98
93 56
49 60
90 37
98 71
68 22
73 79
97 50
86 37
79 11
37 33
36 60
35 16
59 12
45 74
7 58
21 57
56 44
83 96
44 79
54 0
22 68
9 93
49 6
16 42
14 62
83 12
53 66
38 24
94 29
14 86
0 75
18 30
90 72
91 92
5 65
32 62
45 52
58 58
37 28
38 45
76 37
50 87
82 13
84 33
75 55
18 77
80 51
41 97
9 35
12 49
12 36
92 29
8 87
49 48
69 14
75 65
8 14
8 88
59 49
64 79
76 67
96 70
15 1
51 83
10 82
42 91
95 18
94 12
14 52
93 34
28 28
75 49
58 98
33 79
82 58
27 39
3 77
18 9
42 25
60 2
72 87
75 19
94 77
46 69
86 68
8 34
83 36
56 87
5 89
24 64
17 23
21 8
19 32
74 90
67 21
61 89
99 32
87 65
84 32
90 10
51 74
67 5
46 71
11 34
75 21
95 44
21 76
40 53
17 54
64 29
3 25
39 43
71 34
13 14
47 93
7 60
30 57
13 21
64 47
31 60
92 58
59 93
60 64
52 66
61 21
88 91
40 63
97 55
22 16
2 96
34 55
32 7
60 5
65 68
18 76
96 83
52 83
24 97
55 76
74 13
79 49
6 88
15 28
74 6
78 97
25 31
88 76
80 87
28 71
65 36
55 39
67 60
13 87
59 19
75 10
41 11
90 39
51 4
28 4
93 36
19 99
67 15
60 67
17 94
91 0
19 78
61 1
99 78
10 75
26 1
78 75
12 62
50 98
60 55
13 40
25 27
1 63
72 47
88 33
67 20
82 14
35 21
73 19
17 40
68 88
62 89
90 41
41 48
24 98
26 76
0 76
74 15
90 91
46 20
23 38
64 53
72 24
30 74
18 82
36 6
69 56
10 60
81 26
29 60
41 26
72 15
42 9
15 94
10 43
90 31
35 18
38 73
53 2
53 17
23 42
14 63
42 25
84 80
87 42
23 33
62 35
66 45
37 91
75 78
44 37
9 74
48 30
50 78
42 37
95 43
51 97
57 83
68 92
80 89
74 3
45 5
75 17
29 8
2 79
49 71
80 78
76 0
85 61
84 47
38 25
26 96
85 84
60 88
47 46
86 78
59 78
3 11
70 18
98 39
87 44
65 67
36 58
68 84
22 44
42 86
23 79
40 25
24 20
64 93
92 78
41 92
89 98
4 51
34 39
83 64
50 2
84 89
35 96
45 50
15 68
44 70
83 41
79 96
38 16
33 88
87 11
52 3
57 42
43 35
9 56
44 98
71 45
49 9
31 93
99 95
73 1
85 22
92 41
2 54
86 48
35 95
41 72
85 40
68 79
72 60
61 62
22 62
15 62
60 36
81 51
0 5
83 79
55 90
37 91
63 67
31 56
8 17
47 18
70 61
4 74
58 10
45 61
64 68
62 54
39 21
37 29
69 83
21 20
26 34
42 72
72 24
33 30
39 35
35 76
33 5
1 5
57 82
74 6
14 96
40 96
80 35
42 63
47 44
57 27
87 85
36 75
31 33
72 53
29 74
75 58
87 19
39 46
5 85
8 92
1 56
7 45
4 87
47 91
48 45
15 58
65 10
17 10
28 57
1 24
24 44
36 81
70 16
76 25
95 61
4 70
88 68
3 35
0 19
80 93
22 93
64 49
79 52
16 10
97 87
39 26
4 8
11 44
65 25
68 58
73 20
77 52
62 52
84 79
68 43
13 23
30 82
72 2
36 92
56 19
26 24
41 93
26 93
31 60
64 1
22 47
23 33
53 12
25 13
19 33
99 14
43 72
32 90
63 48
12 90
0 69
62 71
35 88
51 60
97 32
20 55
69 84
72 41
40 72
10 3
7 3
68 25
68 55
88 90
4 97
69 13
2 55
82 65
83 22
50 97
29 17
2 1
3 38
69 77
50 57
62 18
67 86
43 34
6 30
5 47
70 94
97 89
59 1
67 10
95 6
57 62
2 47
49 29
27 70
37 59
50 75
60 95
64 76
52 82
1 35
38 19
90 6
91 34
41 78
95 37
71 52
63 18
44 2
18 54
18 60
11 56
48 84
13 44
81 15
38 60
88 42
51 12
42 20
0 48
17 97
32 4
60 64
10 96
44 17
41 70
46 49
49 42
65 47
34 51
76 30
92 42
63 82
47 42
77 76
63 23
88 6
15 80
96 40
98 50
44 43
53 55
16 68
12 77
77 97
3 54
2 45
52 39
6 21
95 70
31 86
95 38
84 83
20 89
62 64
33 10
35 59
60 16
41 81
93 31
1 20
50 35
44 77
78 79
49 89
59 78
58 45
92 94
36 49
92 1
19 5
25 47
92 88
68 88
89 49
50 39
34 15
15 81
59 86
58 30
77 25
66 77
68 88
19 31
63 49
46 2
40 9
82 28
1 7
82 52
27 77
55 55
59 42
58 62
37 47
22 75
29 95
88 99
52 3
31 32
26 54
6 48
87 14
43 81
3 34
66 75
98 10
98 40
6 72
61 6
91 63
79 39
45 52
55 47
86 66
7 85
90 34
38 48
16 56
15 4
24 16
32 13
62 77
57 82
92 8
51 43
55 61
70 54
12 53
98 40
76 98
35 85
46 7
64 75
71 67
15 42
72 9
26 46
56 58
0 89
98 84
35 92
38 35
53 3
46 97
59 83
35 89
66 65
79 35
29 48
59 10
92 39
54 30
27 44
85 61
80 69
75 50